 export const vertexData = new Float32Array([
     //  position   |  normals
     //-------------+----------------------
     // front face      positive z
    -1,  1,  1,         0,  0,  1,
    -1, -1,  1,         0,  0,  1,
     1,  1,  1,         0,  0,  1,
     1, -1,  1,         0,  0,  1,
     // right face      positive x
     1,  1, -1,         1,  0,  0,
     1,  1,  1,         1,  0,  0,
     1, -1, -1,         1,  0,  0,
     1, -1,  1,         1,  0,  0,
     // back face       negative z
     1,  1, -1,         0,  0, -1,
     1, -1, -1,         0,  0, -1,
    -1,  1, -1,         0,  0, -1,
    -1, -1, -1,         0,  0, -1,
    // left face        negative x
    -1,  1,  1,        -1,  0,  0,
    -1,  1, -1,        -1,  0,  0,
    -1, -1,  1,        -1,  0,  0,
    -1, -1, -1,        -1,  0,  0,
    // bottom face      negative y
     1, -1,  1,         0, -1,  0,
    -1, -1,  1,         0, -1,  0,
     1, -1, -1,         0, -1,  0,
    -1, -1, -1,         0, -1,  0,
    // top face         positive y
    -1,  1,  1,         0,  1,  0,
     1,  1,  1,         0,  1,  0,
    -1,  1, -1,         0,  1,  0,
     1,  1, -1,         0,  1,  0,
  ]);